80564153
304309547
737468719
352038499
218047204
359086434
463274391
901247013
133626448
530123199
226140595
392753344
329772811
449462284
872168132
525480403
403876468
669115930
141098207
678706355
59367854
942484867
656480881
128884395
807478630
989158926
490939712
448514270
463756931
21457795
964163411
1277810
581040636
220005971
804183762
988443105
596422456
224721426
185864266
526145762
889398270
632138668
764735412
952689754
76133859
122888196
65744380
862378754
765011611
61667220
847326389
404649376
319375881
912634728
371466776
165321941
449606451
454459006
111463484
764913806
104418072
768679465
942389415
501476996
394747733
305652246
976283329
685311232
5830005
561019449
166572164
363091041
674214942
636736425
735653028
659806332
829187303
943105922
647604904
792907991
568388667
734596715
148692631
164019681
799721958
97502898
213368667
429277449
150565184
199813943
885656825
557900620
934666325
188011298
668369905
787521769
70649233
389441148
892074979
876975324
415231221
521477868
721260007
933933514
187716491
141362021
142768385
903032048
108623788
249815148
53340602
382021617
338522070
880974971
907474433
18043677
883521556
159026247
278595134
579950358
555648913
580528219
241237051
386326209
550029005
420768083
141265022
708093214
193500357
271612682
223964681
296575419
58484547
32788132
646763666
221372523
991920709
551002531
925924052
139843170
871719300
271832332
597006788
166988725
70620135
667642776
315968722
388376382
631911185
114134890
245711831
689294048
573977541
983041342
511457941
76872177
353083061
413135548
188612866
480572960
110829223
832851955
7465251
807585905
357738468
217477445
628854025
919935191
411589678
486496294
833904268
732458685
354047977
492004623
761121765
9720747
272105094
586427032
606708682
587885761
183612730
986510234
598607917
71201238
635561489
863475439
788108628
561709520
561128500
156652336
686819366
320742853
56812167
708056868
338880678
793019575
723324694
625522292
776064444
298756637
380279753
341701629
392152133
596482181
467972785
327798153
739044196
793803658
529213078
662338238
109080099
579590796
351574504
395063807
617801426
83948904
25377158
118091751
854460289
267769702
488700076
604654719
897658162
952200710
448978046
65647352
709642677
934648712
271212963
430325037
765033581
371417506
535099258
932895055
158962451
430512575
368712572
694795538
945777931
445481126
800754431
50014282
31604298
262802823
819356288
451702177
917748899
622568307
240526907
989760698
782480992
863953078
925805027
604960605
947175171
371528669
234099987
823954374
999025323
653757724
503215843
529394660
47502346
759754075
964216475
191511922
657238600
422046588
156378701
235937743
871695362
507168934
29434838
176459058
246591002
527322374
567098207
257701332
648449176
671188823
995267407
49066034
891466345
169492180
881176967
461285400
811596944
768336075
918024023
4687004
593448202
530755667
865417016
945478888
864310726
364422904
819909048
718805126
973711567
520807285
645654068
233270817
981433922
946880006
501461152
708567582
196424571
382693810
858061309
167445463
706914856
639047962
271779756
561958721
602744951
297383248
535773475
930732528
750137679
758363511
372046094
559737503
840723172
414704084
218698827
527243866
37838532
867630152
86031628
545913379
88656751
310496077
650285781
250042971
359310452
946447474
294768606
294038598
795048324
220284624
384581841
569324558
222849026
53506747
405893449
630990547
885835036
941755604
960317776
962232032
555932245
286750515
449648476
4094945
632151961
636446131
690558001
662706480
281853817
454639362
672958997
379616599
107097400
712339983
298410295
805789265
351439301
149472599
710482026
634558452
152729105
528512393
856759794
1274624
205892335
574611191
446286986
37423825
98751256
706917469
709145080
572072815
323187341
214165733
80535332
71225392
908905259
919589774
476067192
723964134
543757552
580789769
619818954
657867292
461299218
518344596
415021747
462546520
66968747
215645325
876790598
720890946
671721987
147136235
919595998
280216744
170933095
974440072
90668556
742650300
103157921
721192834
651387283
884975817
988372814
172403858
652813644
79322187
378236918
655246454
446352618
453739001
650901048
163440473
199916777
335438382
458184172
888945013
231332029
727922432
352292151
924831559
33523244
794569542
888815314
344339839
516464209
659486651
119246708
633789013
498939979
472176255
108044359
994281114
892222073
201141245
959328975
569812833
761862178
361508278
73488569
589773449
463051160
433709467
504365301
715197935
701772272
922670028
628148435
572377424
503123717
880361972
206068556
892966723
551611851
133069145
494472483
84374157
177778193
958699960
152114213
893516880
100979038
708846460
300942947
562946190
97110872
779632479
893583401
300262054
811467831
1083244
493111841
276738423
749273718
412695173
481195197
755852154
435379535
511457650
433145086
534077682
704104665
771488780
932258361
974710863
898849964
642730203
220480653
745633871
223413932
505371343
109549763
469269400
189221630
668526582
147364378
587036389
238737033
986421509
119613152
652701215
604378404
121410380
941429592
732143138
106325218
65932332
745495448
870053371
44739125
264474865
759931781
52606707
253697922
914394967
849248708
475660982
663351669
37363437
876297341
183453875
460381251
60034482
153502088
829288586
62139661
373807406
120316972
592165642
217968964
898779398
304737616
379765117
412440096
180023210
183694673
575753537
578420452
139941711
450947198
388485703
987511653
367191301
283736233
558651393
804203704
91233989
764779076
601312437
662003095
624333663
365170068
538364247
78424189
316054633
934707848
315419183
541724799
386099236
556117611
703083313
22377020
341616209
705476233
195931456
70674406
131320000
636784747
617799459
869232369
507939808
103219192
684298121
318356404
726187264
748791115
166652993
142948446
83339740
280458346
346718890
737632646
80091707
242237948
357655889
45357753
839797045
18838159
128551727
240905091
424718322
295760443
607750511
233923322
733544975
406904588
370539153
432023696
138310928
279500759
733179844
914380481
499003900
56957052
100926123
715224114
608074118
143718811
915035492
716032900
843589683
10559423
944329661
453466797
641399562
335537651
358281238
746327035
150669879
693930226
984395403
344574873
467380779
104642507
182501535
270847972
578471656
219558007
722849699
12155572
315195283
780387942
855644736
769840729
993488298
95436803
869468542
457889140
585383310
14123923
916978034
544903292
5280305
56248527
789085116
520286074
330354984
892525015
98271109
782458220
998438285
395782779
652730338
488513860
390393404
326020926
820738952
144074049
525877928
990103412
977315622
755916710
121435095
205687847
145723124
548923470
400703933
894758291
603228252
205758334
292303111
369387968
894974210
970720535
8532716
520813053
29202327
500707393
191984304
600315537
399854072
955517999
801855590
743189514
536264546
687230810
570610413
277210286
769626988
64833381
908369905
682875737
630140190
403242934
364010864
954677324
907062876
381017330
129826325
556943004
183839155
938270505
645298742
63961351
699126552
724808785
781108855
176004774
936027085
760209077
737680342
659417877
180561135
625655581
553239310
173193932
431667581
743745936
697984210
168689107
410960605
425089344
521743435
722932690
508290964
302900313
929689472
556367059
14124934
51664423
179402033
475403057
834697385
835146828
697344302
103613670
101502759
639136004
943009214
981708575
746519032
256021282
103919144
986106596
862769033
528734628
188458769
735032043
7070977
72659672
656743089
509761514
798220566
333483401
304448562
573416464
161657234
256082211
873587115
191564663
905425672
195540788
506944328
238227388
434984710
277380441
434166453
369638389
779067540
610792537
146963826
378255552
77928614
815811889
618123916
253115828
141100168
635630949
794421541
270369774
220272977
269603860
35997213
241713146
295219463
981603674
942930510
341777679
905344625
386476303
908618767
569910207
550618728
814702507
71582302
145929539
882293356
299049463
595511372
660040702
853141468
698946864
392150105
665153572
227887127
977413822
132523455
976931771
869539301
504477502
464014079
664682656
494058084
265500001
433480386
166593223
891134611
502681500
340701301
537640877
697538350
262684128
27707984
399638576
38307133
747791242
990268746
230166203
756324326
110395283
943922961
603842880
119389725
977993332
993213683
370365176
808162345
463307298
33330593
115508815
828068836
507141550
704512190
63903363
662817488
86856787
571137042
775456868
98168317
182540254
7434904
277354775
884605484
243323524
600754588
308440133
734391429
209309768
754999120
45643821
316199107
621656713
439138043
459175770
791538470
275881640
883587535
229542278
45277778
695316684
598503529
373961436
808170703
584447118
571345452
393020138
953131923
100536655
873759060
57585815
807393665
241805760
431978533
257150038
392847329
84544605
506440397
383422147
618112092
1100143
791332343
854601441
679983750
941959302
265617163
214225292
468960466
196630199
946513360
606464450
149849155
182158120
273826244
572277573
608736384
182045966
275423231
366434447
423010941
614646935
911781608
767868541
733924511
81063086
485424536
582175261
773644096
455153642
842368173
410411231
625651549
985877312
678122140
898293902
448058154
758329536
363242947
229558216
867841347
3655612
460879341
473634228
492465575
16480011
179434867
717567602
281083080
813639877
702829100
610682997
730288115
355276924
776514955
492685619
485923321
201385263
683396433
439913655
885747461
694792415
989720868
317909805
419145682
969964754
579234545
723198220
984581746
284166749
651653862
552523676
954809203
897267870
829821774
943099063
966904241
155072605
714271456
411328124
844046485
286859375
815075683
355927573
512807300
262913092
539460835
269706292
166344136
653767828
126516209
711045435
14350484
550327606
63268862
692999359
72323440
750589398
596701650
150897657
546538448
600337315
651241859
298285882
709895881
230331119
448930406
109996776
22352687
453159501
571645483
184521541
892292544
811693926
446108051
481917772
480440303
382277097
876496301
570436895
516216246
104969667
425688932
767186036
952498297
356562195
955587046
947581480
282741432
98694133
58943909
377861086
734738798
863768111
559520561
576974110
322408621
276382886
986858101
337932143
619695351
688053464
390815081
818692269
587744008
460088212
181640692
340313321
323019382
250197200
736927241
24535333
733122005
479082361
946302529
834720647
150815100
984561283
665072182
87119097
746109776
749272893
944478972
842575727
609981788
532286987
180617689
683597453
274428111
689561743
461211408
356885900
868438260
670437550
355244040
689439882
613554408
178448036
707080264
179952400
607938707
286396163
355630899
362983568
595049936
618590172
629404308
119862762
251124210
572978783
202356607
627236276
773027969
473355020
388866120
621299316
990831963
718544381
998064095
610613895
877392755
542773755
892799860
504752286
818064704
563806114
418241436
46717953
127750040
55629443
759349622
411197602
724129100
51996913
249389802
188533387
930317678
757043880
799258051
493838370
769962397
189729593
420205634
15838368
126687706
320167041
729274752
387298709
365372932
736658918
899873198
631175749
208661309
720635097
831348220
134222641
327793565
746458035
262290832
252930659
887038624
489943099
908077755
327987025
511597613
549972896
714360614
526095515
851416918
398361064
929330726
948266444
106400647
615564245
945978951
564957472
721652109
753141998
163712922
118444746
987615202
331914975
729140265
487786189
665974406
328824925
158748923
290797139
117987013
447312962
29832008
168409627
519092677
827852060
6369209
751705749
833709976
812221073
683780097
828985604
446555979
58566480
824553058
14599501
531250547
793610081
883835723
144343166
703919375
105323955
411777469
816907149
567530899
806094517
370620326
479672904
92436451
493417771
328724205
692032394
367677143
177851639
416953476
595422806
584735110
497762819
918168120
957461705
454180631
896871717
386655588
560821262
332856973
493787481
768280828
512354009
903802881
473487725
290113244
625205449
576852890
761397211
73715233
939730440
170995406
511471460
829731417
936910248
239043125
634571980
696109974
656532488
499100444
765001165
197359706
311421619
147959537
558499021
38982649
440967763
56529303
119031477
205945411
911615372
142765977
75997569
864822804
293387753
960361483
469326467
829307063
269637759
21278449
770062103
473066773
981122063
24318929
314472678
544762548
552239439
668641605
223383132
428262387
609096211
3823044
118784247
892671396
823847589
713731742
645647540
772159260
376980710
699601654
484405859
536685896
67535350
770321293
556406212
188448535
635024592
312096949
695033403
114905089
365144619
491347828
992991585
349261281
424249220
947491386
354927947
775535349
987589247
983146066
334627431
539723504
585975280
928750573
199978747
238723120
440356652
548430647
31704115
245681146
833224223
637899569
652373122
609905720
231419691
891882970
87350576
731275866
178448961
601817918
821722147
120403637
72629555
500463119
187914096
233085537
16276648
636375215
895945148
205877825
799949103
143065668
417339411
259519636
517840846
389088262
581946463
673306407
656093462
608117901
204017754
73129100
258454417
491487818
720041595
929179073
347661285
615003372
681459895
436677367
776586076
543912536
112873125
597248024
137614925
375134930
12945647
920881462
332515639
255459628
601085990
361493438
270632541
861897995
582191800
52293028
982036895
927852632
544189310
780080613
344116281
728069224
629595484
656498644
508361806
191719082
386178075
908812244
535204652
351306683
479658026
2594778
763179248
756784403
514544778
970549707
736912707
819440882
167376638
356534548
836579421
312687520
669464810
283032397
631191039
31844803
426663091
680973152
647714172
245027192
375270844
342312843
228245837
555193785
341499894
64161779
854184343
793765818
545860719
922231023
833266745
695107766
908350332
337456907
222197175
543793003
107235733
623313931
774130346
297120426
250145325
520566207
257911606
933831632
915850925
802471541
624744586
310171941
501404335
67065758
542225631
683770253
383407658
364684327
124570358
866239062
637813413
990445122
636536877
171866473
668891210
13547853
125393524
431616635
464007517
139831249
839895751
790860337
464632607
911987774
772285621
845480234
624653980
278573294
29409208
468082765
375965317
714766232
773770299
493604220
255638569
472929700
269196809
307334649
733319356
783428930
617810129
366086851
429309543
996503320
442230071
140476964
622583602
193323429
505514454
518927404
253205401
308366865
513090220
330203294
479208225
415784090
301340229
873109110
993713248
880784856
164553812
772511189
871672811
31807591
65863632
410428430
181788845
853898516
844278185
855572529
221901751
232300820
916704357
595627353
834856153
1723921
891373851
423250121
6194725
605079608
363129767
522664382
183361991
19251457
35289983
143643033
582279851
393327022
154135128
208588004
277900116
455795832
477595809
688556346
820272043
189190868
516115832
20343826
348919830
557431587
610039952
943274625
406067870
78655385
671899159
78961134
272601745
809752719
833672932
964431078
373875376
598981442
264223539
625861681
640732177
873716948
305901078
362350872
709031531
614616704
887720708
821328959
835353136
349391402
934910212
582845952
97242557
547801234
14987275
33686549
581911186
216965272
567822611
98128421
537050012
470091892
239592495
893636662
239983011
457403980
34801306
240748809
219360279
958556994
508126185
76143642
796308909
466713215
764415781
583620434
829151532
972656921
938992028
979200805
597960310
706229108
548883782
795578904
836476554
726383314
989779493
384498405
743669338
57712746
675838323
891388621
455620366
916022915
207071832
866389267
398556523
440070634
895664709
562587135
121887928
382562083
509417367
897839833
250343459
373924725
148975119
178356670
555471933
921645700
485721306
340605117
703198380
966274961
626422346
271254508
888441128
998575839
121207651
728888549
569274037
338534504
801855045
672760379
409694142
323506605
116564551
412702011
475192732
121057034
614894879
700141019
702038042
570493969
514408514
951181765
633414191
578658130
128367160
865136353
107651918
759130321
465156453
890559884
693023693
389510395
723586495
68337057
421902977
661337602
216844708
519725982
255098151
512428396
798090853
388378212
1952354
801841656
331353954
964826195
283647308
129686394
733634906
839726853
633974549
776599230
656190205
27051632
222729789
365239879
235340274
725831071
398970120
825739369
234474858
971358764
283294516
986845282
66843323
875742681
132073773
804953067
966764583
344480294
491029751
596896796
145658316
767531205
398817897
318231624
588128572
151486965
883703908
776237220
622785768
77880890
719575733
25272934
83798776
108477653
52797519
681304274
71364103
825544136
518032627
104073452
423082252
901319043
475675873
644217631
888165403
949184740
742845622
735066620
359421689
535060372
138503442
35756886
461428517
570181808
375191085
667718242
595326047
923709846
909654496
94238025
537928645
26600225
674290345
985032158
928096481
844291142
459650024
852895647
445593973
559493846
830727367
392979127
388204077
245893955
828568697
78401322
259988267
605796141
511443979
960422189
90448569
625465788
747332474
911926090
69788873
237714771
796515907
404602157
331801341
501151122
824685395
364731255
605955984
526609142
356388183
589295153
949816632
259930937
962071703
124228092
459034648
808540891
740598920
285563172
654180504
981148005
572682694
156175455
162134768
8877537
498033047
978024531
128111209
153039980
335786574
800464290
355205232
76895516
166230876
830495895
786663963
671597360
629116249
963327374
850041304
240544492
768472813
964647104
984489262
581415224
701831440
248163406
938271035
6331781
585644733
597377673
740443647
682939267
891733037
825283892
652258488
136671665
89776114
454224386
546063950
837283613
787232399
571216038
838713753
161248365
404053610
840227745
700744850
629030676
226530138
122073783
324736545
405282453
771281556
14229722
702622066
919844780
726125022
68737199
484167807
746660913
168723446
60298132
934353985
331580369
967018444
726017508
645303183
154290681
808297103
53374236
93443614
660321139
709250394
423361949
229821012
187340340
611770780
623219634
803012098
750764042
162645700
829919219
483679721
407782077
115178026
773792949
636296664
183787199
184925197
209164732
298981087
107000943
869667968
821428527
841278492
355427052
350969008
792308254
356205131
183426257
158414948
505611057
713158990
604568018
345147637
841106076
725966223
572083458
214151393
336492658
138366228
946542260
241231475
850251930
888789869
661019970
373877435
530875644
284360425
393776562
755214115
19789430
904238419
505148106
498174157
820742852
47118227
622831487
531278864
852540678
948717800
158976500
48035358
296486633
601589822
555149101
370338949
555395726
334162872
916061687
239014065
130698183
467031659
113547229
183181722
367319442
383526087
436437718
668600781
172006504
201474510
285839100
672810353
404955294
795675571
652624266
735692091
415025144
97321943
34315317
212575610
420032971
593974739
834218792
651481076
507169955
790287794
6292076
205253664
418212585
785136149
528011249
456925609
908279983
842083939
553714666
633781526
724687469
642276935
377316588
812659865
477378066
48371732
535702223
891928455
621320379
781530952
840761954
770935001
173259678
462216192
439825621
896488952
751823800
232181608
213169399
439619843
422324112
310076694
227164587
123845926
232529740
67665337
408316976
886973245
735158284
512617276
900186592
779822526
845023925
824317694
559320051
978049862
133302016
993756861
375071590
975756438
216549563
924766949
320311313
321235924
859123380
892874626
889858468
476724612
833008578
185372849
970625646
309677607
622705716
471651954
853050336
603032925
468072157
916109397
713866736
670798976
945499725
398251263
858036517
203186412
169599803
107157876
58316029
486387339
937726941
433031945
427771746
840992135
87495559
890578497
817801272
964213736
887499958
364360991
998523481
335477522
412034991
691566840
158219209
15440163
370167575
312589866
605925225
29568956
28672925
696272936
315508283
447400902
436133615
529085463
481487800
764915723
255325600
527487017
450484183
782277721
311144242
457535255
983793011
224475321
276132159
533215611
17268112
173651289
209090370
464800364
754951314
924430604
712010919
30588179
757546541
289458312
515738335
596451686
977179076
687082965
228433985
804280755
476955915
335948430
531965526
808178041
360439882
489425760
246032781
976443374
681606848
762707334
490347255
326895949
688189795
703584826
882157501
823124872
886404528
526909808
43959645
118428469
420935856
177542327
257963376
1498072
897757689
419586457
833097314
991192223
944394779
187421373
892455081
512410279
547774424
988764687
418743927
483872589
708827502
730704200
34110939
326476347
106083192
216185444
949598345
251478063
903729665
616396565
985813844
709788919
395853154
432228000
281398938
349262673
586616118
711831972
789769280
882581897
260068665
3442723
385130443
659018471
437945870
781615907
433033806
746121235
104534685
604359473
565519207
522214843
239619698
740366049
813485773
82259427
625820560
916369624
559779087
629287617
550080721
254626735
62949728
349289312
241848180
856813
32403207
699408126
635664413
584298056
812137239
214770182
40015186
536721074
733867420
478758205
430680633
609139344
704784363
911125054
933366655
100447357
992465187
547659147
392977806
702899261
549295738
864567068
164290948
284106840
735436769
630145351
767020389
310694269
39430596
699603858
114736563
505082777
549903616
525181160
837037103
623899938
916372971
858039114
435388342
607597058
212144868
323947633
153898958
302018008
798360223
245112379
444846509
731434695
812292015
513774170
291471361
14719421
241931747
488137515
452980286
157454238
984741350
68254898
610089200
843496815
894577294
936933685
283441627
354590070
977742531
476574800
627208837
526744166
329315152
858762818
177763722
558123075
349421025
904969202
498555701
121112461
388728576
556786940
380445302
400600369
629751216
78721693
554943630
520478578
608517375
570239849
356799194
453629820
774300320
984379144
177448248
998076845
859368532
22255207
192027777
35537205
49141339
244491986
392081174
814748269
108719910
654804864
449784924
634518870
573496756
86897115
171904096
574679753
800589327
207936230
575658714
823949844
472953809
100910462
43866333
688670785
690758586
981884902
36336034
147301439
100085197
223707562
866050024
83652760
909332850
133152827
563747550
452763508
320192433
744107043
590476993
509211403
18740827
856696713
854127755
610165660
215885165
232913922
122029012
64741003
665078603
305372457
391125547
597941666
689101087
19598444
722002510
270212668
977311613
40367984
506250747
694976629
999581090
313047443
536449675
817997429
862215359
24065162
430372972
31438454
252564482
178420378
867189249
102429512
672571351
925417461
505517900
926976384
321577233
787903479
398333842
341869224
910160482
994935827
271560755
174780337
366992539
208837611
221140465
718430248
648321677
724421237
628122671
176791263
949107824
90957331
900106170
165025179
26069244
945940651
495970314
667397583
911679456
324401962
2400631
814407090
493332871
816044227
586343240
624456654
300957921
90347345
233874997
743187098
400540775
424427732
34447257
1622308
369619464
411082707
74242553
220538065
389996299
31569305
714285985
504872798
172444890
389965858
703414114
334944360
209996530
247067674
973217498
207449526
233208186
669992617
758758108
551862289
915133854
618039433
347887803
864649136
102910294
575754908
882134762
266686814
102897351
83729009
34411345
227418508
860149841
978158593
403181437
675741055
291224890
39892395
376439804
940876622
694721103
600418644
410411407
189191486
999304276
876008034
374185236
367487935
775087761
245944303
502276878
68837472
325916264
893989750
109762061
298888260
204293625
963022114
257883114
88150141
219587591
267092130
195844337
115709254
844969640
209517365
488670425
689767830
552112930
239685819
184107915
899508849
335080395
427218395
394828878
230343317
605403893
35577588
378345693
694551832
938309922
971021908
609888826
323653175
387344635
65495755
493213614
217248801
976081987
120046371
14932178
706965399
493730663
448033166
634736040
590113312
830150465
904653591
877811362
801285856
411174940
155376940
677045438
768613573
324672374
795925764
784651450
234832366
728664416
172495102
664265979
112954048
46022534
77081115
567639184
684390677
242147341
569658859
899596657
514963707
57199558
411584934
670095742
713039121
703882150
218174853
773983051
23114110
442374414
905210641
948630787
258695816
370981242
455517710
339951324
237715638
93916571
978544177
258666498
666959113
129269754
996097543
641212484
577685247
136449203
537336653
355005278
865285435
586887907
677328564
756233079
861926200
284928508
406384699
290161901
671530814
928829960
513624200
402302325
737239665
614414145
806316678
552632969
188774186
874425528
535833419
926820644
105866921
333143088
637943414
662453286
818977830
851788831
320906434
389975791
903771149
728155885
162704971
939904005
630996463
77160168
89612212
11373691
454593785
17983656
253071358
460180406
418865680
352039450
120477386
923698896
152174870
460646141
258409250
656719448
371901714
908900474
298201541
772748841
665971441
668732090
207266288
70537954
643926772
798715186
790998959
376321695
700033835
583954069
466363092
772896656
543878570
6940321
564477198
140170170
689021489
46221201
664194454
695010371
53295267
302208452
685838804
894332664
457900084
262611584
917962543
786509210
115926306
518646068
479298688
634782597
864713653
23075613
131330838
468335581
837844349
220920935
112899860
825766081
974508600
176828804
857319814
78588506
236491408
405593208
603500410
197817293
602709631
717747390
210723765
86734947
687034794
46018320
219008066
482548938
579711360
510252304
757322353
661550378
18115810
401268625
70431823
455013027
481833248
433889401
31085394
695870037
146765410
454408165
368353321
572040831
315920882
2772609
838925750
143451600
847874315
739970836
489525527
656649538
248756088
268373705
374707388
720425272
159931839
789293013
268666639
697253479
719995074
680512320
258725475
915830805
625653458
691658986
384701729
90219067
24329527
210855553
515629408
768909412
99797233
973500165
974470539
253784645
46277469
971686268
658274797
42668048
231215139
164272168
887014516
371059777
136545998
220693079
387575816
800667677
104600474
933121845
568483901
304565173
735196130
160436093
631369000
636471643
554678394
852872596
780329434
407773237
484309056
742659679
775381388
571229894
426189442
559028356
763464715
32004489
939115136
690955358
817170034
554512093
66145993
839226826
250369953
962898342
64195196
13398715
553392186
762711880
726370126
897707841
455778779
215879849
399637240
493095899
912547199
271717473
611365079
573944769
630557074
386312121
284491782
707110951
81334624
538964823
132751233
996978178
224436801
764242458
569146319
36727154
130677546
532204102
572101499
19390050
654314131
834976630
953647480
541728531
411317846
439258185
537316803
567083658
196647152
157371856
195756861
995839733
470155016
248332654
475497491
383238361
94967447
468839628
532959469
91997409
978880293
625761862
749795296
350470594
949916286
387014891
987995318
351710793
962736411
289232831
528934496
311841370
669949793
798421202
573025921
912410591
328813648
930828104
854267659
198415870
51698410
523147751
598956430
954160743
546601277
750273095
425889572
831199374
873580739
242226996
402199300
183908852
186435874
595498602
288479176
271753735
88952052
940453495
112120888
497545657
183696642
383276421
249809609
197100017
674318513
211803637
394014291
743778569
533088646
301257932
620673167
140099849
882096898
904037090
80645929
607620987
213429817
879967045
579985581
561374887
536997286
775192481
376670026
420352154
83401360
527994667
345511769
533186790
263903822
416340345
607756724
739183064
580744546
643578791
48395188
729501717
432280103
430437190
432323056
187842010
30784668
531056457
819591688
202075899
886360320
109205491
260137225
225774646
568579879
128617969
660299581
413629319
129412881
650893458
422981116
460584918
301389550
889137775
203570503
441444933
328413585
819248834
473099298
391386183
147856822
440605232
310884620
233957648
799901801
738163549
807940230
141518109
231051404
952700536
589864555
258964114
888654789
606955555
552097037
40221731
127511295
9695938
943808952
140066598
653586972
632677053
34378365
697284027
603726329
402065029
897738824
402574349
100477182
608750150
653043692
441220127
635579715
59564878
434967538
365539176
656507844
667577289
547745132
379415699
264957279
917972835
589383005
607251343
21898349
235932848
909020571
56226589
722747710
636321498
447734735
571908045
185735593
54780354
292654696
185966471
923225785
565363116
530284870
810930360
62481430
122666443
299724269
801715282
210614751
290814596
786693671
434682588
405588665
167800133
986278447
728478308
559888496
906052191
157738053
893074641
913527887
814174062
702192581
300961308
825950080
357646287
783066699
767311114
962030361
612556050
303794053
655711459
116626234
593219628
192158356
4778626
25623248
375668169
908254746
360170955
165144633
533602255
994024924
828196504
453771070
444563420
453711457
947717711
968040653
714497686
97846868
714331859
676751251
962315166
223861578
41025633
55010736
91929505
745381346
617197306
975736811
659044371
748218951
644381731
903935118
202370423
72976423
33166028
404931221
662442529
778245399
19945398
714462865
741494117
569211316
46351562
563629672
234062507
847685712
223075080
971046778
856012382
349278960
358177943
944599471
725506376
753043088
361441247
30930338
315407486
543958143
962762452
963552994
829544537
469990773
179682540
576280711
525351105
981564805
102021648
527624583
504617743
94681562
610424948
564057308
49456566
900529256
124793197
816685382
821024957
729008319
195201053
719368812
89969901
317451009
205878502
865593360
247083071
93086046
889801718
365925433
477591235
130218801
770131523
522075293
19596465
502884886
3844388
919469319
451535270
197705894
707488659
636442848
230224432
668333117
790449338
742213890
280488955
447994998
741818000
364595924
879505383
452148920
644440927
277540606
397300020
917311636
316028265
399212599
307648509
139706176
673572762
181287492
638447052
869974265
911656617
579778233
101018538
219350952
328615581
918611494
659716413
891308377
923903136
740722694
276915271
870400741
560764474
986703378
410739088
773024840
258452516
329200014
869426380
212224106
23859927
689285428
176986806
535681735
32754800
845021771
389056441
665442924
247021508
209547484
752679818
702170986
492842133
13660436
812047417
250665447
398757832
839138712
536315668
874769301
797759165
80921439
171410990
21200955
112136063
618620988
985049296
390540147
717084568
298524429
674055604
311494674
646564360
361257127
537473483
974639222
720257272
205607961
28083887
520273524
447508471
907343329
695364960
736350530
48228201
968348325
663518348
239731731
550461661
462126199
859036978
145449490
147068120
760224886
761655995
536084945
617340938
871225049
874407218
333494592
255105032
314654043
672486021
864632748
367884862
427924420
551962209
103374832
503749686
456266342
358246754
246728124
484751138
672911373
992746326
631499226
52363125
207017551
205190716
727888946
722470467
297561738
743033342
158005215
244114101
957760301
25080848
548573233
439162737
844425721
712999422
171492463
48213121
895323305
872297342
103414353
935875425
834714243
170825373
731994334
771946008
898399318
284556327
364639687
745966677
821288676
767555499
138720275
435431499
324297831
26495830
358766006
291612400
33121870
670420728
18445584
334179341
422833752
983973468
68034938
751378093
338930561
607872866
881788752
227994073
91275326
321729804
566790609
831092113
574615782
851114113
40892072
68595241
260496249
619599185
849956816
763115341
594957048
465319096
607218025
59930856
845372939
400871002
852477199
952482120
810950813
374617481
619647275
520719421
37787312
268527493
413694522
725660206
804044923
25795969
136774368
879495100
492767247
801422165
591540957
313726782
602841590
101815476
160995696
483082406
508676201
913882276
805906782
438478253
860162603
213215361
289735896
159526455
651164726
377258830
997583595
618029881
260234028
534982901
755678133
312352654
847455448
447367656
936510911
95967544
491848130
22101086
801311633
947913149
146836202
42197123
309793552
617272910
104935341
789087179
830655916
14969902
155193272
775301122
972735301
477222212
110898329
104892523
820314645
78695340
538298748
998488730
535236818
888634928
19255415
186427999
360658996
367219119
445425231
363072536
609035930
471455315
636276194
425564305
81593166
137933986
854827563
96913023
967346762
488488268
149121117
440530926
783496727
691269132
547051409
991375450
608802871
651652377
717490180
111030229
321745835
587999029
224163385
681136187
584501542
936098843
739111223
861567111
468030168
345181705
877795524
483422320
399129310
854697257
101056021
798009404
297208829
298449042
463047097
524457509
144857679
816417115
848179492
632208189
861828534
664563578
496437711
833770924
492732088
994638917
593639702
62263142
884740692
659846035
91145350
875823041
431058305
170838875
79002659
864869187
212568373
526831931
533780658
752044505
191534902
721900966
537195257
841870007
365502032
463889272
798702277
745894271
114827767
317951757
35007261
501241291
681380522
245276912
481084224
4868795
203025074
226586794
826138633
55732962
22069322
858146636
775792536
210994048
224458528
871544780
206785056
936650594
108716987
326417032
766308214
299537521
959646639
59868504
638028395
376343973
273691224
844902616
293204756
782150950
489304685
652023649
44660314
479929526
557899018
501657398
547428056
397703918
745628679
654439326
189595569
266888132
625466065
320111974
967462789
332743721
274189727
266594037
655992173
389939113
573699674
383805151
224846760
183084767
636768170
957424431
569936015
592687116
568664302
307481681
52463594
370864715
914252776
842041370
476472194
914710860
814037538
670128523
34201209
297713178
323542317
857612395
279745885
487152261
364407507
556959881
400533891
920809331
190431858
312151127
207680312
72346096
779417056
453133771
436275368
642108195
573238421
782779340
346480313
971268028
88938060
143495005
287511648
706447205
60118180
747997237
794154884
37305385
750272338
975871757
158984107
918907923
198497860
799459016
247934793
135363475
478121020
375507224
409726163
696430081
226603944
921981490
310304236
627433860
830779551
366083059
512084245
806517416
678637076
395479591
487973865
452718944
199983520
359988927
896034896
130475923
136213529
265684604
820403131
679602919
746854748
204554813
908042974
766684249
69175768
819299035
434680798
143293653
912017446
969258495
449070153
494019498
85239609
654733323
302388497
304671135
880909077
71862138
480983606
328783897
915734731
258651127
167959487
465298082
644194656
410062136
48237489
629935496
362839969
618152147
7472879
192739352
143970207
470478600
419868568
728985363
437803315
712937888
585550873
436110678
199130686
665045938
700829528
122054419
692189396
736676076
261625966
584186131
892282227
913230634
29252925
639843814
771531384
81652026
938715108
609043676
574371196
847900926
974131335
813713123
180264030
637558673
401603879
1518419
945526593
531114179
996505295
575932537
320057695
405471645
471072029
860080765
675129326
630065743
276622270
428537973
243615952
843042617
224350172
219213265
246081145
625930117
489202737
856853303
424825762
757586677
213478681
246514732
776963768
321910114
300834618
227349646
166535568
175788204
919702683
246036277
976871183
337416969
247549666
768906102
907890930
854387405
543809437
92302515
198345276
924034059
811153976
639609930
855057660
934688402
628775149
516742115
592335191
765712929
783925189
690656860
362940477
485117222
17406021
718309986
968687755
240431604
353785537
940730127
272999249
121572409
733469586
941934734
395952457
600375483
43091159
751287368
581945319
762871593
511554732
816694071
649134815
233311824
368623382
957595278
518523770
677121216
278821300
40490332
456171642
380742670
887873462
801999215
639432888
683054883
382887076
948709828
764382644
976324350
984588236
395667908
104415175
281396338
396312586
399750567
351624456
152900720
5733755
948533904
393163204
917796620
641612780
56294470
485442134
86870203
803786064
940303318
96685684
847394801
415086172
612667321
815092068
174154125
348852053
742886308
597616620
431392568
603398994
389421824
782094108
750640161
619473898
250246157
421683436
649186195
687809093
748628232
681307498
867002216
226383013
578191295
712309674
134314621
848435983
661193637
821948315
334868488
960054663
545928216
13026304
458162212
244738072
156995298
268283034
412014937
136974086
322748366
420355062
171166062
444879797
836468617
391093854
408498832
5760536
290508191
184235120
322576861
64391854
483840392
578189086
759936810
340005318
902255150
748992582
189794041
4003231
969802464
170198117
116821990
190744471
824231292
676798227
314058616
344415478
956123175
865171295
820153780
601221625
11834986
210416721
602521309
803344946
417462113
937700434
71100621
739577804
716888987
418161505
110674725
997274822
685978349
584062278
968482638
480521098
618007648
747014690
15875589
705944151
20166570
40678422
427358126
868926323
797448831
723927624
721851438
623547218
361600016
349946241
192121739
407303786
546612648
410456287
30265315
625474166
346280095
291415396
185003841
537379290
755156262
539750089
925682584
112305500
653500558
237851250
26800193
533607364
210883196
228155828
244038159
228799414
899415742
329617441
80929754
502154967
770955954
115235522
725352797
417651768
127871077
982301921
922337119
449178033
748947058
914839594
653529883
540097397
405770522
261571249
783266594
911002822
479083241
178362014
826835201
31238331
473245298
527496019
932622561
833693390
623870693
815017123
312757400
759362276
260623520
19507820
896370851
224089801
992658218
967981233
315895487
681798434
798471918
18774518
704588425
876890966
716434108
230489436
586817120
160299143
844780034
420523068
327581549
643049338
315550530
354758781
568930327
609921984
50589833
94952906
638050506
425047147
848357297
348107391
344958559
58791195
374891805
391420650
581295783
69399158
780492442
339018432
274776528
253265396
269883770
698778026
885444093
748998349
412723996
294470316
770350218
497816117
791639558
664521505
522863006
113548615
718949476
802309164
804716635
364100132
159406359
95450143
619417320
938792694
96540679
615799876
328579679
211077937
980552988
503500404
617092739
882580713
908545548
30143541
312202535
343567109
360987564
149787288
200504513
464411780
367364332
453550728
602630332
971111686
479390520
451279211
104535385
749561309
892638521
922943208
950783450
680842642
296228590
216686402
700085365
714442764
928669054
339201500
114490755
528765861
356029364
635567738
144002830
852488128
319905280
464700599
876984307
297812052
240329523
332422250
860564437
241897622
70079924
745811575
858055481
816167799
489562600
446700699
971820612
805649487
182968625
101319198
753670502
758604048
652321945
58793666
590895644
350379288
154388354
384394361
652089570
811459664
186286795
271572273
214683826
277917438
652005854
211589811
712260258
337057755
43355919
25738181
202476516
786637544
599707525
702174141
694233621
218419204
465600113
348963551
827413873
88240074
684987900
953391761
157905538
509483765
854031142
952366060
584777330
674451876
228504105
236364562
911322161
98405827
346176237
67092596
545562440
670959844
47683239
120626186
120289349
446857770
160698823
827619704
179300481
444761756
502485380
592138767
140405038
929353098
844818908
24139071
905976783
472343187
544002384
978781701
529056177
411708734
913025623
527292528
601530429
961668859
27231414
341164715
722839718
171190159
364480517
41060162
186051163
481036281
4793976
275611794
791761045
709282611
654433721
446003347
154977953
290088640
225285451
117292406
511958969
931694799
868686123
804210340
576398599
775375297
904665086
278514998
850243946
141323330
599373493
420104411
704465021
366706165
256101163
314919718
485021048
951557424
625445393
158633944
634983907
3199914
10839029
709698238
871489464
177550533
704708114
53126920
874199007
95440753
677749036
61614648
734974155
271699201
918932785
192241713
417570468
241116981
153362899
255129976
50570431
691530535
616076330
518625814
253531316
58968959
293918637
616882302
568914943
830403840
219308305
137381401
242590142
95909832
60627585
282160762
466178307
939808794
332303311
774352766
344501225
129691824
311809640
164678487
973220017
396270346
496498032
704491560
874993570
109918107
94533949
790227728
162405937
753096242
741566832
519483570
231578962
275377877
844943410
600336139
551618747
313460767
21319851
189057810
450560414
344398901
998510531
705686753
992448130
71275870
899044633
951203140
551697479
322088934
86790836
899613214
575038265
354141090
149578180
56483346
817401704
709923302
52202138
128870668
214339167
14177275
808958084
783949197
483432530
884686564
426373676
807907114
991428897
84906367
267287178
388163459
71853391
975339821
861010791
969123411
131479058
389457974
345800054
106256547
87179322
979178427
808314895
394981673
183392834
784225317
454077892
595495797
454481130
830433420
857525141
216270017
21344280
206598013
912672997
946801771
110545241
575368822
317962727
746735839
83298859
318068067
638851671
974591401
871675960
55210685
989979197
199411750
286126677
225858035
688358285
308275856
482737625
91418096
117336873
950000636
703172746
773634664
691439840
198269655
736101008
979757740
347990226
935894525
354644573
335895954
500915166
618164599
10669596
236284648
202916916
357782339
650666201
348553659
90156401
552471484
595967078
940195365
627065792
947158543
156903910
716877880
37924920
631650617
226247376
476005613
161539918
767503132
577857653
12553393
480159057
294246936
86321752
993684640
205564410
341973737
172436585
976860865
47582059
453932458
772318625
370997412
476310149
299074210
734914293
696819981
161348825
220422324
810996243
687286953
37101075
712129792
684047064
318247029
253174249
722409606
481045923
934850843
543070348
114842525
850884400
371548200
693419433
273292927
34569261
766182111
723315044
115504307
430123851
971074751
137475775
129077438
143181345
835332458
987689931
27448793
689263673
374510020
621871831
517844979
389540032
339347108
549963128
558421321
61910048
172840967
339380196
252961657
543386901
938742959
347723920
659844357
695115249
796487178
644685792
140018086
460312362
512053787
961159738
430875826
100609688
627973900
60840699
327478093
984866658
373616186
276848115
763026982
572289893
748249047
644726377
735964435
780285372
602461279
11621012
276501649
581744040
595245703
148222876
335731842
283984255
304465896
780530260
521555050
981036044
830845314
514004689
318636191
223238708
31049934
788609095
140889325
363963148
369413739
619110921
804870481
287741756
293042787
959316805
624268494
328785345
552384046
855226490
691250542
905052913
744454141
824786854
803234478
892253687
911083651
720224318
317910543
993596124
436714287
149758425
437966537
31635912
925266258
379785687
854099526
639805052
542398996
586303740
793206952
314854142
509408675
637295548
725759075
468640885
32221431
175540671
807495531
949135826
222074178
693062760
341461361
809672288
255181656
586035828
13830864
80418199
392135170
850033555
175469601
385783901
293529772
190978738
210026619
918114151
220032338
714189441
338102996
387895415
774607099
438197839
979150608
74451009
540583407
616865584
840979690
358879972
272098934
914258056
96896960
551372268
78275711
489725592
677443925
354354910
65279614
55367083
972528685
191807342
498065145
771016636
126929333
827133822
703229317
651116006
461208121
293886802
38438774
48638090
377155861
66743135
619629027
117253158
526632769
429587418
492723743
400995927
672253721
409548523
124189935
756930211
840662927
22548030
53787914
704029580
715117216
511956922
206293544
834823570
913980630
703544233
22828307
647207488
898143630
297887251
140140850
847464853
865118284
637444131
549033108
512245055
818728609
363873116
868372201
473242439
605200848
806006944
872268527
822620874
700292461
825722581
99636251
543297719
872742394
531411730
371877390
620266161
556750060
386221045
607336210
959708267
219190161
816586892
750316456
602931748
496356
617330608
695212432
147078422
259217115
211928697
270719334
253166768
832050008
899484208
732237347
6167903
592941667
286391037
225337260
96239568
819065521
854625014
436597289
596678064
490125108
854500893
88190552
468728493
937419789
761863233
960364361
859672247
142645951
238048491
945087021
548808366
634229437
729627924
162890476
41754842
353995702
255604530
730038978
208098588
191870214
15672171
858138637
275515787
620777183
881877025
349032660
725132894
458756314
514770262
315944373
430332209
51417752
379948183
581458504
695329464
262441504
239768142
517408417
21894105
18748097
642228638
451345410
956766145
989471477
952584280
723185772
932291668
413548474
32733189
462975604
280163732
469451745
605229162
196508753
855499363
544238109
424434877
174443746
213601982
677408871
9956464
953987451
446821604
251438025
738549844
941488558
350813686
944441645
786022636
293724376
672518617
732123466
494358348
41879092
673224973
300880028
400364092
98875007
227319267
374986614
724576028
665341192
766309688
288440766
660678374
927389462
260402080
663512061
279195905
855340838
906195993
499016317
82894201
42031504
428484648
856042
795232137
428336301
48468418
798032762
558511021
488968411
711960343
87275520
204664800
6433785
218542721
306633244
171104393
71037572
843764759
344585115
745450457
970038872
962118856
21603015
28563887
705946547
502600017
911916380
320092595
163457580
168487087
561093492
182941424
234069328
440510508
169209601
507174464
631706655
917225472
489192464
59274291
470497784
506639702
813179904
753651326
821609388
248719693
49019509
154518270
582580498
82187418
524756385
535821325
875614858
169922629
891470947
605837371
720850728
515514841
333870719
83795221
715686874
231337683
222461038
153425045
319369503
914786691
95152853
683778156
855600667
922627299
238403696
582926206
753977082
531575867
122918030
557308
40716765
846283928
26747901
272196051
876765877
221530980
113875574
694623380
165831060
26463709
900266582
830424886
944843211
143345343
781674402
431237892
782116384
144335392
425960896
524848140
178936452
927356900
979535217
104651281
903416500
270060911
294943698
870207186
313845615
273886335
927530684
376375266
828138077
446845241
89371636
449063983
894789042
372483311
560953709
645634763
772917540
866114841
911481602
884059837
946114887
467857076
295888839
905752423
745637462
79189701
476736186
791339
866344384
239349334
550699829
750934306
964950779
538878627
54376763
645518138
641819860
760431457
774174782
152322057
772829685
823635960
73685641
841186161
799696516
424822328
326354907
57901227
840712052
218410936
979025279
249444167
904411363
8415583
689443001
389729498
657127019
131685392
103077870
547845554
385134382
698424824
863710045
942453600
359546032
501834623
416354673
384272838
773997671
924714034
539498554
163933909
6429999
801366473
371140804
942216279
50988284
872076586
261539150
806648422
322660592
84668359
292912897
43773406
77391524
776388146
628992812
249363527
720263193
749259356
277746088
365850322
827105650
766690462
434135093
924249272
593487707
631581296
367024944
966169450
739949492
530244758
833615871
192179285
643500592
639761470
151140068
525119955
400244931
236235246
462583787
2583451
105436071
648139237
588971505
580210859
184834489
505585617
914931898
958129662
757948952
271745411
253660720
322048089
782950000
607942618
252529653
322559819
963245675
427952987
554098543
603564574
72540847
868095129
750057670
659941800
399239966
389887058
793394016
655252016
993103263
209243016
464959064
732101513
546306677
982259149
60741090
811375578
426133592
700841229
543715798
750712655
675224823
18965653
483106561
342519883
628893950
988452934
891796697
712968498
750869884
598016321
619660726
728461441
795303718
672511959
387945928
345108087
50216787
692481711
568994428
743779209
616927262
541319284
268214441
478372316
532107230
9891372
389588932
422359134
979000934
532635858
931132328
87048528
952097089
930995835
542119244
134182190
341377645
356935357
571080361
149872736
22329838
77804504
630223789
154105971
897840820
618515788
876715873
724630984
729613620
355169953
680546355
179310890
541753911
483210360
373462104
578417930
142859694
73129503
221328344
804751465
965433490
371465633
674736799
689173710
375638690
908653700
262378320
198441881
985450443
636433446
197788508
594747860
965051025
996689487
626830009
722781319
189243217
277638813
755828272
253242386
381205689
613487288
99155392
193878100
235306743
748843090
304289005
164294099
854157376
522547788
993804204
302218361
846139680
441422543
405072514
31052772
304594631
831928345
204795807
558638749
811612249
919047196
42604406
923669569
981238359
452712006
188302887
671918965
682900457
948402247
379339539
723790394
368514014
746109311
724716043
639915032
505792729
82713954
988969315
989397099
572655729
975041200
104165969
643532029
527445111
680342955
213184856
792788259
91258127
217586908
871115362
338923891
801292585
30039527
573844334
785367326
29036666
617911737
7773027
386396663
773162547
378426334
488794479
410933493
398849433
629256576
152239821
58619816
348696796
598011828
641667837
679626098
652183407
700142233
583478132
425915210
294759488
450092397
832325742
999580167
300040734
649533599
610845370
5979538
640278500
894249216
98531392
843414687
818616175
138441274
510522630
358708261
983891898
96055971
410771990
346756320
516018095
962234234
102195629
156237676
251701578
127446102
84871970
452066642
744115331
745987982
570859163
348244547
861654542
340417995
358705479
693379398
363045691
350052155
73870220
190453830
115159030
370129786
209054455
419833316
609572318
578947821
947830556
905942933
586369441
997710118
297968462
973134690
632874519
295652700
298070066
507563464
559205591
535578111
308909900
184500993
135354876
434226153
390492867
358717268
278451342
945302631
452080417
962904742
445627688
971290316
761557382
681815057
678403342
660879912
884988476
508656544
246847797
785348149
228738098
522754079
221065658
680355487
605931526
485621635
146318979
552786546
701230340
453337683
237402095
634790648
563323266
740411678
297080994
769851189
580783541
199173024
434536122
664346739
422008912
295057216
929174236
692457746
873943412
70512158
421699468
382430268
491342385
250968512
167340450
485907462
41104104
745979661
701687308
185405908
980325417
976292770
220397413
664067459
653999924
328437253
163946612
678426222
443510950
260215133
823499443
291258316
295410434
119843334
257952572
817163263
209994497
83385215
834323945
22474119
273145506
469841247
64802451
959852372
79263800
448470934
857571286
448516831
834042989
404140380
600316202
275601358
64200611
43506961
754948012
458691856
81801249
161820430
752586371
828971164
594926462
323201060
128424945
80872608
481996935
381047476
300155269
203247865
697513872
531436926
512361756
538360331
381212018
841302259
274850213
977762662
751254327
596582512
825348273
315745057
398804982
615198970
953397490
641335440
320184693
768437663
227208966
910733106
874453228
886681838
756849478
90348019
259658875
610938970
183793107
514175294
520541077
168049294
580532664
601553454
73969707
485012194
917589909
813123157
329604253
678207877
523277259
158049694
817151919
856402783
370675712
935529739
767661144
128194011
813295437
114163960
447393935
642242810
792258892
732710226
632250593
466922724
96941088
172353920
905470121
18854159
862086082
415997012
183580182
602183272
461044161
867133086
377040315
508472531
211749995
98694561
477414551
352162351
370321458
280322806
477059743
253623271
777349828
133141914
643595267
275525823
677803227
910879958
54759417
440439397
754062413
63170386
221741291
538783656
457834127
638152311
884442341
657113730
62761497
566285198
609491323
286801454
629867718
337827301
64946404
229171895
730968065
790341838
954314341
309496942
842954979
972556235
62323160
87742168
383636088
725590187
517936420
673573009
361142079
4246318
686210346
45813251
569905766
515682783
222542510
648858689
95070820
711603842
354983376
546093062
525068095
935252866
227633272
624710195
427550682
613950948
544085208
37192760
411702708
710675472
968704036
205412579
210145742
398286721
463652367
810683428
667936506
609500457
935139702
218502276
574969608
464124004
101134967
18033048
494824171
79728138
767942730
328107383
61171922
187083600
557269817
189440001
305524373
733159047
817396445
333998133
272574197
544299362
615393627
631151696
472310907
450252117
422974508
716651594
275851401
939711144
167051597
955416474
993878877
109508991
498810215
100679759
676304591
814373482
35801050
539006476
372952294
971487073
702841233
203931380
601736118
221390376
49028372
252092465
409477108
454675585
588261710
56227397
929262698
879927178
605084645
349844909
670334762
433726411
334290129
800753858
803030173
661826568
432668954
269872769
10033545
447526078
5097504
323125195
584577438
517422709
906907953
878271886
593080073
272881265
961973100
572958063
238054435
436656561
420535314
958132279
609929628
778003101
747058946
822995268
251384255
412438480
782806969
998210195
944955027
910438215
433968506
786862387
631957016
867253435
688310314
478093943
109342268
609491885
744892479
714830465
513098631
663304887
636579200
500720837
161983536
305558915
906274465
404348406
505996307
238879579
808008476
223604485
523034551
900863800
189027477
712894597
44193455
426881584
814162670
390213469
940916106
368081702
173471605
272680375
890502180
50835489
770273227
251869864
442433473
296386604
578194196
994274101
276804295
194168563
373431322
891694277
759790443
678908055
8795018
269177587
60425480
750717689
873725139
110927807
396712965
686394538
571056104
341362559
58410314
930965753
912188419
419921668
209677478
807495426
768654845
215544727
78735582
516580638
783497139
881963567
607027097
820963174
206504565
256719908
325475795
750536446
224719902
461947204
449286347
822479453
44905503
269557519
994694128
670464370
777751061
746344919
1208002
122433735
545306093
437628420
516754709
20527786
77000968
638747482
412090906
13921821
824455705
831438610
401720979
839114861
838808536
275427305
307330126
567187982
168370736
107346621
454710614
479266738
820381107
400847531
185689464
774744732
880016612
429181822
78719906
214370015
321426037
641296829
872873199
983949869
568592126
896439771
12232398
948770454
405829655
638672952
569080661
975872258
845246717
250873299
462571437
713179902
367638373
636044017
101346759
432174908
863108876
625189575
873750370
26846085
992783831
822540511
791923609
679723965
89387810
464579672
827452329
317739680
235481879
661794931
63989152
800477919
78849662
752402253
833651753
399529275
735383876
534876419
706734748
434180235
578612646
829899066
480410823
162331856
95377865
170415599
602779959
704179865
338464781
804876677
566813806
868621630
981578050
644983465
146322870
133530291
64681878
166444975
608347121
512849853
925191403
825874489
105058807
90506911
18205721
914132153
438641441
209617063
20785660
662318967
143840995
219037047
975567970
547098426
245320721
839504077
83597268
266024647
186093978
590708584
180953200
878388601
239407955
897689229
780265651
65567334
729556999
209620582
966737182
783482096
180710987
449437962
271504897
861342000
747570447
132127693
911122507
347526117
743362461
915767565
357484300
880869435
968490633
552461702
197452547
678386565
980643639
634784097
323503238
529560094
736427970
603704379
369445465
596349160
145407403
979426044
218399351
798096356
123756667
799065916
946193653
441443492
542538213
263942676
509509806
807412954
933660521
81343214
586645292
818707238
622569837
808924579
223304302
874466842
406723998
424203384
547819881
714758752
24382643
578795133
677703643
579050154
33233409
486651173
899719139
517529370
206877229
598675286
761644660
43221601
331496758
648129394
618148846
787141928
591776502
164208316
874071773
915038415
228329322
178046235
957700459
392764518
751965489
68922295
727708152
630691135
253205856
247211033
649986099
933322633
27871606
702575610
874537070
845793283
769308091
420782531
284068752
440874960
697219120
428967462
401094187
626603911
685654190
638256496
220185752
912107032
87385746
241859345
949148770
384853658
138287494
641553391
181356607
785439125
499016561
605096808
481980568
928218247
164804832
317580384
254882425
520529932
248900471
931040366
100609480
440028065
765702877
451685510
310250799
187241238
821888151
824778398
874717541
884654318
217170218
456665271
461316129
628859045
146566159
874086581
620546506
955709636
360690671
752699076
438135506
663658352
335436860
379725525
626605346
155839505
203068022
18444433
517489442
99587303
708754492
823379574
360998106
430996180
940103117
158614143
408752304
352501717
244004198
35420466
76669142
709858645
403720917
332717677
138093439
24148199
25988417
177015878
944956844
262150092
417426411
470141044
530314567
830593458
555537467
914687199
328051556
647623783
331712507
455848464
768061837
45945776
478899250
883862259
746765262
284352662
288299217
194263329
582714491
835719674
351519461
212510329
205175020
105058717
89402649
258432945
101500054
721988961
499623276
676575172
307111293
261133990
143308529
182846102
359718163
898284617
11174775
108788463
208765249
378419238
234183863
578548141
708590146
873905831
37672050
491786689
219859874
665141632
675427530
456121156
486093410
627983953
281894400
535276859
667188553
503548464
432702586
170049862
774752187
538964335
370207414
4969182
761047916
735335778
261703668
298456988
403363795
377847063
773183412
517529492
478503630
863784948
736820553
553998418
265801070
87088265
346602310
290525583
932373193
429087747
752708234
440077047
866411392
91474131
611160693
583233372
410638446
901967912
307355262
82064454
939767957
730561888
718540422
126638414
783523426
281340948
202390240
303284710
245476589
961212597
69105011
837218983
664108759
615894601
299696804
726414977
139761031
411691068
881092806
487863808
475393021
523863582
470892146
173182653
384735215
148851124
134055802
549655356
951971491
789973000
190195664
471231289
306888598
708833620
597359422
211234260
879404232
467347296
101118339
174414965
56491118
606725295
830701551
685441257
829868403
895010964
310181289
465418824
787064383
36348099
991316953
869909636
681890229
182839632
365744111
406478357
644756110
701968424
424864124
231622174
758017583
862046735
796619437
935110946
748224422
758985378
54847163
539099140
948674809
349858741
630006021
670099101
654129821
682027238
863089361
384960365
501177266
340093946
133182304
349258993
175460501
75310150
281769130
740146050
695397148
358410689
842724741
3992121
938660823
680679469
951520958
368232197
496088609
75790196
333587814
831010146
874128253
630056506
176773439
446530421
297116759
510057062
574425181
356644263
156939414
676499738
118947060
10695975
768150798
617372185
298035509
566247027
757475959
757665828
166376178
26087891
654033409
922060186
341928253
970837712
643890345
830751815
500129617
677210199
720101159
189890313
75613332
703741289
157677341
941972180
826822233
36191041
218714875
38405654
418262903
869481509
298535895
419489468
629348897
865891769
118030563
348581799
843493312
306727957
966934161
70558874
259342381
283363413
972991398
821495645
257689150
815414937
959270040
901542800
594229475
798295289
239922913
448824238
160821956
191050195
301034513
293574816
444479354
686327102
565930249
332380679
339094028
549687236
546191432
885936522
71741736
150368985
277334175
907502127
658830442
701468742
161081333
649216825
789426444
460838278
288252730
932981420
822689483
695729850
204863578
255486124
823111226
132800084
841299817
435203932
619917884
439590618
478579257
126407641
675577021
947444067
491088252
930595343
556018832
451024853
924910313
648304835
163693253
393668063
62970372
48995976
580342619
996452663
478121194
432592467
401943598
893982421
803547435
833133917
408059416
447923870
257917066
393047573
769786447
688223111
641112622
231130282
245112818
159783777
894628178
68711768
639633746
299985790
900776960
268819811
189254162
937114554
547542241
329957484
841575579
542057196
34622868
993136809
675679381
898049135
718195572
29476683
5009647
861089120
107637186
865863903
617477492
464979629
862672561
789473400
253048720
700029321
756114150
280430307
949443829
539211146
547017935
321838319
216652035
942214531
34374993
742847597
541911597
424746503
915800405
19598149
773885419
207725113
518074091
213147934
966231004
31217044
360866786
348846477
545988854
496129601
404080608
76700687
779640660
845858492
139599964
457062112
505263910
257807677
717797995
429048845
321106300
587233835
198364886
40974595
77736163
521675610
156434488
737259709
576424991
612636441
842703720
697201201
271484703
505084219
604763092
468694398
732204980
297366250
910625756
405594146
387235837
801225364
708253234
142578579
256919397
206252892
672689108
246919208
658600021
403704533
664834032
529084885
808555710
318391147
71270404
576424866
360951270
408507866
758043533
923880617
990811523
426296111
679828537
181480513
984562854
84023643
757859323
792871736
161395221
207893284
708867966
748736646
525587150
40044170
740950459
384485688
445011975
608523533
826539552
750712014
985103129
295993920
938900985
578243921
720595439
140302966
870633606
940680239
787152775
726425432
821785976
670570839
801464811
660522389
568452240
431542578
979470587
95344092
634993081
497446746
115384162
169512441
118294776
31685345
208405209
521117775
430767197
606696305
464181811
631491648
309053293
181647534
894322934
579608260
227032495
369128512
3263749
862830321
682598947
83177537
967809675
774095607
365677892
446528038
252428819
481568618
282064236
550964451
908468655
305075932
216390664
976722188
722953052
267606366
163504993
982480372
655841857
436261641
409387018
298941299
861292348
296997151
882640900
395289332
530337154
371124321
733463899
156750296
938227097
912115259
196051827
334624978
315102590
710998018
34814163
99065648
906878854
377158025
430994413
293336789
204837372
496181837
986325090
935495996
345936010
797072642
801042239
643884
609184837
425201151
137391007
163210030
415324481
710203767
821395490
991496666
589678373
844312536
917785049
24073902
413763072
765898541
955270641
933252982
408317244
437562588
138675136
706628891
402172067
49237407
542835371
717892920
325317546
940782981
105061530
840551709
66678355
75928458
535173719
30442848
385465792
17393486
898904075
553530817
607535852
35916803
102401376
125820081
535320309
544199244
408291451
276326666
628804300
564390100
470387594
439167523
597892114
72271350
414600136
468647029
664169700
383885138
682531524
844962127
378493787
464625344
120395415
102690788
777636591
986978984
350077704
922721625
506465912
332077391
235257015
819080122
626060072
105982657
130906515
834273415
998407449
978203512
586237041
71147890
571913098
403586187
975047136
348418991
896321293
491832297
982413691
678544212
976028786
642347972
96257776
918532312
765905568
313207862
63027330
460970841
810510494
395093971
494464298
301141554
488320810
151518399
465222013
867192696
137443574
648509849
728365279
514653057
669572730
713408460
436773113
673298531
869485329
602553488
811727858
502364316
694149122
261011355
114761353
547855263
140860311
427738215
260750065
77887730
192923142
347454367
425215887
549458949
923741469
668137136
323322291
683400481
328471990
295631094
961885378
148526719
631132552
182086175
530483177
126576457
199853277
664138810
498153330
826985991
129134661
642559665
691283337
381121862
896884638
206322955
589816037
830861755
427043662
728271263
460362589
323915956
190984914
740763741
670113698
748017666
642840851
167325799
157357699
444893290
49484563
657024989
841649055
552400478
999210939
461348150
560955819
495978919
292235649
836110784
861746504
106482202
848266205
315734324
556342356
111932812
279793933
728507820
839489046
993404641
572489282
352575699
733958882
543881945
894560815
227950876
603662278
372132445
182328770
113915883
882671209
587366040
767935557
989294265
990503925
183439655
352727703
199803628
728811899
435224038
29447562
165283489
653354772
248954945
217521451
895332001
224674479
870548433
958813318
336127914
860415427
563368573
356618379
631978974
900454059
476583017
701902194
187318176
504551065
798454436
911464733
266809234
164505059
573069682
965414703
420033758
912567379
23697035
42897791
478568825
173911385
378839136
959916548
277555538
702670450
562926733
137862769
628105431
684966092
506670649
574307036
532879062
824354693
535797854
518404831
646828765
274209707
365294357
218574323
381308371
196898169
122208870
394978627
752531662
405635242
625892861
699252183
401102133
724226512
283459625
634002892
105118364
262407634
96412543
682637205
315177561
878646683
57083917
299110047
564953994
285526413
169512013
394262753
881460323
199797952
457848498
275308114
676902513
660185747
466980293
924971053
392877002
749948072
469210741
680442143
532716747
181460050
213044686
217599279
330148137
419792012
735473400
667727934
16287697
595174617
341366842
715359603
545403218
932734061
461901347
643958010
502945060
949961549
679236441
325757693
587097657
956186850
350486538
749991204
148139129
728990027
829662619
864884873
565513729
658494212
840870701
121393990
322907476
613712397
797265923
753452735
482368330
848430599
666186218
787009070
482925070
44678262
153278109
111208573
568484981
865192535
896230008
3024469
580650168
184891450
267581685
809093871
828552486
105331389
3648925
117640374
815070479
708141721
630866585
880271622
806108165
512429951
420266783
353259976
129409977
282254405
853272289
992062028
555008964
876252133
592681600
475995816
412683842
985680772
256376693
580322253
35570529
775241401
461937537
50582938
187981369
926861129
951984775
967715076
191668739
349717989
565172490
135282958
4568706
746311594
245295592
137142376
902725144
23214289
682904616
683972461
709074821
985388950
694859193
515392951
304215679
488712225
970162965
334305151
868086269
824912196
542358258
558179663
665592051
888269709
545575090
311539140
978114513
855741675
370894017
537771881
807228451
417483328
461501852
276613286
199106009
444292867
985554710
270978268
196476761
220386298
481574387
750381252
105805492
316072878
948732327
14102478
772122385
277567193
803742096
442332725
411307535
871050538
543940387
402374785
367960939
992616660
379039681
590618334
313255433
519253027
137697158
136289017
735683416
810462415
253272085
949085224
315554179
835826333
87386495
560947954
66234371
669169381
507081112
802823142
246368724
183808625
983534501
337386776
998962122
98212137
932131105
119145066
565631437
980309082
681321782
521554983
212519729
225053411
342849212
607425140
521209760
193680655
143505443
162921026
604398340
740986723
384122805
696666369
940836239
209696017
500312809
132861809
418459202
482861264
297005363
861017524
455883836
413821675
815062725
219199168
23466594
329682847
269433988
922434945
884470785
852371447
89540693
809457707
41639592
962154708
698575793
341552745
446263729
809258227
508357273
947963789
39788923
125241584
233503680
642689022
366778210
880522951
827035476
636008790
363916752
260567511
403866097
405815964
553928951
11324467
273409851
186971159
616319468
331002206
650196591
667271976
952106066
630452832
412548759
586539530
599016048
113271009
648949748
678449588
570938586
880534540
548119628
385072596
180336778
965340007
137378519
763398830
865479615
912952663
198953002
150194145
252240148
286737046
281945387
379687156
147284529
175472365
42517526
926356549
469178700
162103939
141987894
570539703
286929723
780644722
292727040
649925227
208694117
715928554
53166820
804263341
904275186
411655023
62759929
155129703
848528430
369868747
734678835
707666445
671892173
864765629
905747734
164418655
59315657
264764536
808085299
329128027
588444998
748490878
235991246
231023004
345610512
985913329
313241591
96965989
971095134
116026947
188141278
332144871
267042864
774245602
242381849
763800854
996481494
900070380
389517677
615636016
959707235
263255409
760573356
44358662
738477727
756353537
835057140
379628067
26931743
196612037
176654421
479473621
391150745
746932568
500308109
401946574
998775574
505243343
91782585
441618753
864872992
64814610
637237490
742586861
45638001
540762365
364737751
555913004
591380270
368058309
62099189
649779120
65494494
963795728
701703837
433562382
64976856
795056653
323336444
539405646
244170302
207102988
738068881
750793157
295479875
57983322
101775750
982457919
546568818
586543596
224696532
918723453
112228905
595859969
677873698
351252174
620713517
553370875
197111896
345863087
246578866
878873623
240405915
488192613
452281040
583927756
432857293
562796797
58795451
49471170
644457262
24397584
231143755
144934727
442459801
570312252
170915539
668610181
693990004
844680707
794368757
462393826
296570400
45871752
492666497
596521212
815166781
186799904
695339332
393588068
422175884
832733365
312141472
46619125
501598785
533711526
209238666
29271214
556788618
552538979
372622009
58371740
108826924
568656916
834344503
608847412
76528194
643002314
535537217
995209950
286870915
389060307
701481234
80823357
236316621
257267139
387016298
435334903
804579563
684382188
351850994
771197176
123108168
998972119
393667103
482397861
263244886
56512387
492863040
296661174
610399039
202799465
687990716
645067513
150016046
363170371
260992848
155368352
620203632
827757736
103473403
966720733
803156758
729990789
285743984
391950921
419130542
21658890
860010106
625557263
275745694
126552337
192539021
45853473
806671085
333587718
465340659
189161897
546435356
798571316
318649767
858498031
590871692
811889588
50509968
261204149
443424822
967333703
502884924
307575418
611670342
174208726
285403033
852502250
876485735
202924129
542688645
287636000
110184743
521618181
72563979
223204576
640723440
387709677
504571550
699726365
550156251
127159546
706387410
379824347
68746764
394103889
790063315
399451320
295458908
97154035
258823836
132421376
392553388
392124761
686232911
755895165
583040383
41300085
508749999
132611228
283928231
494154313
583176699
354083897
708132214
653242480
801609537
765210419
502623812
845555874
455418155
628791361
511843204
911603917
510375061
62358484
410776392
28953283
464623819
77915860
596746156
153388899
582591616
757234095
598350783
574690322
178672644
966534387
64485791
552569800
38194929
741072524
529179326
768596229
352893918
267451531
55009821
669837946
443465240
54247277
806152760
818273347
490337713
67581463
308791177
480695935
553986719
308600637
88451684
686319696
568462724
871914717
631771347
166801373
453921567
496180404
482873490
919642549
562827000
910122384
382544257
468911703
599499933
39929328
42873903
883777091
187065587
441513365
947101530
139981259
83819778
630645192
90244397
843535247
990200401
975638863
995508342
381021234
830748377
938964789
645618484
467207686
457072785
8917811
16361080
283866612
268072242
315961410
247744166
223916597
666821211
740856413
402852796
739816600
29793987
848890731
962683260
778866586
181451720
281548427
487844590
179412117
710357686
720842025
820544219
12521019
538703847
239282395
301547750
28847260
950764513
224489640
157568240
55918774
34024720
285986711
70609094
760161572
436931938
606098845
878250750
675557819
88225912
553767033
83268241
951705829
881220464
670629190
916331984
41420939
97407838
650631487
115816166
158646180
814622301
380639441
244642213
330952535
958391656
860984727
239686422
318043714
387432814
988167928
168732834
593478025
604545531
727981636
95104687
614758432
412315125
597361057
106968241
902525912
549553225
999626887
556548593
315012618
327179517
185296059
510878605
704072163
590106955
444735269
120362090
303974934
650969653
215434354
222418161
692772649
975894949
627741716
815263202
984343169
634697345
597711064
495089428
624415587
918543526
639676586
387084954
82450859
450354553
725863845
450101690
279886688
553171780
966253387
695110525
787700930
735843768
513830364
374820718
107788331
393003214
77587052
935093744
958464899
115330346
820376999
138755365
482538123
481733131
938000155
921373464
117382333
158102508
26292218
393786139
819102321
17624332
822352961
669795274
863444587
401018890
907959295
743863944
599800118
501815469
997660475
802275663
501185953
665516482
588073256
896232054
591803937
640890703
186151540
327915180
476077671
973759763
88956914
30920274
656882518
304878204
682678684
713726662
402137381
18170918
669248330
440230450
199533567
600356140
86698813
353775532
800987907
792411172
548996127
50588382
272443991
979534157
568290351
939449259
199814613
332210268
745865303
71509579
596438110
614010563
56217311
977285296
477896830
701141250
873252791
422289344
727605093
732266462
613694921
885836332
418584957
711968860
636494076
345973134
910954991
899111977
721803038
841986459
327390170
687293459
415770632
613319755
34520831
44366072
761835593
775190045
839511875
575663995
52531036
699541462
477292521
567607180
767841008
974698256
828093236
695871094
788491698
697109285
547873970
315443114
325157836
10746807
584307152
133340603
796334376
508217229
896312418
953719945
55274342
531170762
705779802
49897346
616930415
659796804
677196774
470605301
424100145
616145999
581675313
668153395
88968036
445264391
623716734
837519751
294074656
640561401
546855893
920295049
388142618
84735679
557755738
611517105
250620210
647272786
576996962
608809883
182938807
712279519
534990155
427501033
285372577
326061335
713349661
366355868
972650099
646954873
547857972
224286505
982678916
616152793
984851017
328843627
266504829
171742257
502346976
49062880
338689073
653211580
578886295
702034836
548844028
155692207
754558359
842538558
866597265
296591744
409904115
476827555
96671965
514892523
312265299
205386314
355635000
309946659
151631178
813642599
604338837
882370267
365211588
592571654
898186830
600536923
763870385
669234887
503063435
747291906
665074932
350957562
885088800
325502578
406531680
176250399
629718267
609924273
10892449
745932037
216824771
885573397
854220642
655121539
669282835
363493030
792042131
670482447
827511317
152842420
654451555
211151149
935612403
806875801
173153779
530662695
186991768
550862374
754315977
400032201
309789864
734536530
353071345
868330232
453502882
561908838
250387821
563923560
658642375
650794615
179352765
393743328
554886759
518037646
708358309
52972546
222103074
19970277
509337632
541781373
261266943
510570201
390556848
228247620
605450525
245440487
48431837
287538942
959401677
201810767
197752457
745038592
595797924
578287913
847316570
911552498
629348961
702526869
730480960
923134343
751813182
443824198
655367476
891018630
950404358
53401660
825242813
633001435
163589320
164827258
18867709
129764721
967124749
609704446
861162418
860735413
108211620
402768551
3963520
99531369
117731396
359832147
776691527
26601014
879207624
789831749
936849755
5741641
203409892
597370400
546208861
299279041
179652462
878208254
497467116
988588105
335875522
785261939
100898124
772190498
638876770
416370730
89783251
579442765
130738814
666068271
128243543
221146751
271804802
597719844
144672217
663723936
243753802
707240961
83713688
954537776
389409032
276231042
110313641
210515897
520751583
308831112
95113253
509305568
151743190
196092026
901512918
388164424
661224126
706883627
733404370
241306350
682957168
231295627
725513629
753316525
925367632
142968866
668064009
434659034
20977297
327912263
228162796
118264710
960078227
771230897
806487425
898822631
613935732
831804399
500477641
178302311
973091423
632254893
438636973
926000697
847700802
729629950
840438682
434430370
976903096
321061373
889378350
577185644
135412972
735269329
155366933
799435058
33279108
149426175
959166214
218897100
790122788
495209895
660287389
713947059
632030496
871639520
301498850
506257357
980605230
61741434
92246335
576470300
528698819
999215588
506598136
256613356
795164159
775052492
495383138
952034888
719662597
315136590
566554247
372436870
681155273
85915266
233194294
579444103
343710031
572717081
919441750
533571779
910962380
627643119
422891925
343113924
680036207
293033991
917986402
962858511
272054859
970078966
978422009
897867982
352402734
385816835
410275315
659716290
699598296
194630963
299414481
489642403
239382434
363017792
255017796
729013916
707452806
244682409
332206002
692475270
277333031
874371405
405618371
934349613
899507058
818102532
481679894
908584902
178723273
820643697
169952101
924474333
777711053
835267681
282252814
957590460
406105401
170842517
290705987
40468372
300538078
168741362
961921007
884692350
891438847
322911018
661693250
839763297
147651036
997003141
613010104
753076409
379802742
555194021
554758576
576423014
705520713
638444921
194245180
474663556
832345690
831915122
661040705
293549116
502063611
954771444
484248055
917431297
262740482
346790051
817090845
999234945
780013710
454191912
972251266
812681754
360009994
765053411
239462828
689432510
459061761
36830217
937373382
239554664
824777235
892510991
74223144
379861272
952870433
247369174
903020243
78240617
100356079
697544349
565962409
724967627
349059726
946561219
952383795
777309678
938353694
91616944
505622054
456613070
622209721
491223996
274404259
626822515
629536280
630873917
473230598
767096901
79631434
270900046
306107213
782320950
829941550
315906593
962910988
208303490
910986492
456178248
799207465
262786683
227228759
361426214
619877324
356487524
746763473
502075186
19550483
945006071
192329693
989801924
330999061
624492638
289268303
294056895
116860749
549764135
220313589
683395036
79865977
212335767
566995204
676300442
989562045
379096221
472239024
330156581
178074683
486588864
405391169
243138534
256499378
856739672
524309722
34722670
230239340
872548490
204651865
441688971
7060128
16441423
705840690
274528670
379005091
977262649
717830247
246636500
884657916
180436004
348202832
29823746
712815138
911714393
242683245
224086843
207502837
758403302
596244500
143455073
39769417
207896483
118174685
859569601
659155726
607337714
398090082
141229019
178573946
965116316
693812427
725212001
389532633
637357595
158929214
628366405
298198417
576989469
975526249
583926954
614162889
332686074
668882846
187743623
602706172
696231839
357905025
821987186
420046466
855347417
441237857
184230067
707395693
277349214
63124369
629796456
710861895
803126691
869997385
847894376
38909940
877466077
215409222
342597405
561254920
699913920
749030437
425407638
135146573
628458652
307951562
338047945
595620885
556994952
867231128
48917513
142498539
129275650
867040213
486713740
626015827
506554406
37332558
415280255
377337330
395057359
369830001
450885366
660673484
375425792
105327995
28021839
532677600
192136432
477995541
29760752
634265109
316861008
508708843
141581034
437829233
270773052
59131993
409371432
927167414
900817376
323562699
225594175
343166529
140738188
971731012
506678242
26913771
535866197
484670416
480683512
939855063
505484352
912021056
993134198
497517672
901624711
853787379
875234442
660980707
263518322
361200419
226375732
538645019
552065957
832762779
57587679
974430938
827257999
989900268
344275776
343969784
930530241
679947575
328501945
930506748
967864930
216289305
280510329
14960823
643707321
817228481
862642341
538503892
74685480
749950480
530402851
158511788
135196023
925053773
761226105
95661125
189761870
396486283
22000242
310132305
866900845
442466002
54148096
309137635
720995745
151020292
989534290
991799723
691018182
133664970
517991545
398586908
511444237
978130565
238997658
30459453
875682723
367197055
60114502
92710056
959420764
79428816
945635500
767574734
394954718
481421311
807065307
865104238
219243297
851540946
792533132
228509656
946473580
235144630
486283640
924470609
664242415
462822216
546003595
985836305
392214866
123720479
778996441
570502082
280526863
165059726
807922787
368488752
763208205
231300217
827234688
8210646
876977399
868652984
337482467
867357442
93017167
372569198
840000414
90732567
355576628
662050631
446659879
735875697
890830076
584718293
597988920
409091613
269149254
853813605
421866740
612107209
204056004
795947745
444717277
642509626
73991979
5445951
121407252
420588724
146894556
36125079
759009332
964762995
777297837
750807534
434911597
224641427
222750591
39649524
337815338
186109132
857509242
358494702
46544672
645417698
335086313
311321845
729840802
712632795
787411349
437066228
289018392
72909885
748049268
741453756
375326745
932091333
848706093
737446333
942914088
601272119
633408918
842793287
193058591
37541997
886307059
314660814
329091944
848112648
341393564
126157029
431560272
430483768
467826004
690887584
886070153
702094497
647417515
263529043
692033322
266372276
321376056
643700671
496351622
299516290
773279433
581162987
954100278
309930625
854798426
493732834
678114441
458678523
33168541
209996088
647945197
805447477
439675333
36003286
930961122
899378916
229808943
252482700
936224019
198039119
322212726
946762303
318282350
779476992
691550893
144827025
635890269
896164079
52845002
456183684
704702908
372836894
820901698
107491783
74518104
519614202
160391490
964775529
577324688
183217484
504225661
418929203
594523437
360332248
950278918
747143110
564988338
333651347
847691131
428729147
474172802
284283627
499060737
910278760
630629488
150752025
552735702
794155735
948093201
311161631
160673659
606759372
741607039
82351436
139887331
60778882
51866735
16293626
727886886
40920681
903130973
623959377
518802569
631204272
696239283
669659130
139680213
983920992
714311594
33706030
922969141
745659976
273497833
74572888
285498045
936823875
861236351
113352040
646107957
808916049
224007086
15034358
274271416
592266012
45456816
916338032
922024189
349163467
467061893
635879468
853811792
882840165
81558422
895402786
712596543
533631403
92848944
245583805
978258199
853237508
910522743
881308605
850549012
244626865
470620658
316282738
166244609
49631068
48302034
443490150
241133881
553162216
433607900
36287167
57462475
252004499
598911016
57387239
82658620
815733852
710427394
161569994
433373136
515753192
858521062
433830231
578445811
356985194
852342623
206530172
435257825
453589710
427651693
510878990
119521375
36153608
500143289
669102443
755032461
225238046
230652790
130628315
721411600
52001141
184135832
962927260
739662440
543096051
100168229
156843509
465596494
403487607
575888225
179540127
822596732
13280356
923340569
706474675
234915702
213664139
157229408
391098854
650083792
33094527
707371227
10145676
864020429
257856898
471804891
926633984
858851572
975411812
316291176
79062824
118437467
669907051
232175857
404276904
114825246
695333386
833601707
447896254
194529799
308540892
573230707
931916778
861081533
476115926
722692899
288094049
281739374
806141304
90925093
519637074
16443864
319546878
410014364
127660216
455335843
708041541
113849980
445241474
665997374
778848228
406928471
931757203
154673431
625088209
219131697
288763313
799097969
577089300
536065816
828607916
901690305
66720615
846167683
592029052
819142978
956833926
59029546
183850322
811491286
834325364
918689882
535767368
570178989
359065852
359325980
547897087
600200488
492449567
94445412
611868809
708219722
554437351
507761595
675811413
569844741
454127807
372512053
110439097
720799517
993933333
577821087
287365561
978578463
101339421
582821800
22878036
495766601
272050205
578603304
925065110
448717335
377186385
198843148
841786780
242108498
469427000
474863700
168838608
867653358
940477037
405642668
798417342
42415147
623290353
149039913
985648407
549921791
734562557
802902834
516367124
577020139
192565560
209150726
627522245
790103148
995229619
853098046
585278249
547513291
645440725
167218947
21383873
346241554
293035237
608650013
127826198
344104652
696304903
387544323
128635900
852720945
202799216
253868902
89535950
57135926
802783403
330941335
251925342
215870358
764017382
609203510
834340020
443561151
720793732
281005002
437771669
575420924
979652471
141851304
25026511
381081276
137505050
604554320
686407553
599008732
398013792
457862
407503530
297802549
450480232
430226571
473707227
302790257
970239099
285873031
884516443
631116609
120518038
658276680
215356749
446199579
516927867
131817393
703378529
46359892
813138272
346504017
726660313
780437650
960116810
384743979
10650209
399819853
582902563
766076666
268298765
190130397
639416991
109542108
525707012
151894680
305690019
502759910
596067696
275728843
460815619
718307226
746338332
591773256
411520050
165288499
144965976
366521819
94440361
589067105
23873060
355896635
370676472
870395529
948504221
295534078
837998161
610552727
144118946
845083630
564309767
8482966
745157459
2274027
551125057
331651368
899342452
240266983
163193207
112353986
787088582
540082513
11872834
147467854
441721528
32509489
41336043
532902421
201018447
474430316
948980495
417051754
384913528
429810411
780195397
910495698
612178270
263498955
776915467
93944198
971626782
920996968
92275441
795382209
769662084
858600448
89167563
363762634
871826164
790283858
821925683
445522009
834640547
730443214
262320565
804102574
713162415
933801410
103778167
464220476
527094931
410952945
884011348
373218297
371285807
94367454
683366978
57666756
498042289
492784515
990467781
868311470
710791703
602235688
65990513
719275088
853077345
34375086
352098303
989099638
569820857
618253296
808598810
343115732
167287134
644426107
122817918
54710106
21990123
970210871
183793738
934728306
573550713
450942093
458567522
391177217
20777550
292744679
887334299
982232209
259481157
32355294
272514520
757418155
807323260
698600559
194572345
626434192
722835903
276329482
180949154
686152873
440929877
866405508
315315241
58393646
586598270
670942276
611625030
2594830
371089861
400828478
261810752
965546778
554028971
469873863
326662716
958564360
579831797
235881762
606742512
201723919
390568661
535060684
843437770
842812543
613137280
452280906
196313815
693297934
62088652
628069363
120848033
558161586
614608202
331415269
211311273
250284442
918109717
794720407
572760597
470189351
130878541
262665286
786759768
135260458
184533763
685470655
314055908
711287656
43832324
514861488
929926299
866289424
371788371
816202664
155312337
988256168
967073490
870715292
647305913
712883856
357730308
207691267
561848444
696360870
396475129
720784853
543038592
233830321
802147140
272331240
196548280
182170955
564084072
506918788
48648896
944481631
184635289
982124604
714286278
875972559
826120184
677304871
558738306
648024258
724608399
92729302
416407180
985287303
83014529
909906854
517868812
185219903
451125731
395591613
856312101
885371764
85133445
779812728
910674375
623520222
94751058
137907886
630804993
344760079
261460058
598812841
284392221
371350522
895144325
895851056
740262045
571246144
915122148
319012171
142707223
581790118
96097089
722245376
290998640
525387134
967401507
969785125
861187651
813181829
946315770
822081403
659723557
914602898
761809627
830809413
845125716
537826135
29774883
172530190
840548425
346813386
678585040
81033164
631444953
579147592
351743269
427325494
929931773
693479743
91496082
712464611
516797604
15563953
397685199
387944212
671625841
516592030
724403840
915044606
378485717
711218119
611894530
887854979
738900708
201299649
734293219
173765149
31598404
348668282
99326921
188546892
658685942
365815684
695667453
82539370
936169350
189369492
279973239
639319807
831931072
193859578
455116908
290990866
946424590
871726644
785998696
837894573
549991398
280318455
668185983
548084510
693938989
410263804
287295855
806402792
3826928
843857906
696604379
343818484
176288231
244393627
510244352
350962780
588191630
971793813
801092939
85688081
950802112
796852615
102396992
185653541
585122873
151486536
289391491
769310440
308706176
783171444
354521006
801394749
829794061
392012890
600995429
796656502
224035499
489317355
836082958
732080573
142614836
572370992
59536271
242765354
921954772
78569419
944587528
906972997
542803585
116253925
849837025
129450189
940437925
432902460
438518585
332958650
179542732
689010567
681707489
64743672
645205378
12359952
616240901
203629110
175119086
741090327
424182529
148461499
931194812
919549243
697139358
62582685
793178073
566816983
672603095
762220126
619242375
304960030
774916279
663808469
592753120
617147882
60298589
87561861
412574400
95724339
604358169
47155610
723526853
466847771
387109549
381144578
739615715
607653626
259320780
361141050
572671411
936733521
209931860
110852857
925315665
74299520
117147121
273555957
815592253
893288577
581505268
147541298
600345367
835825989
975933825
565071416
77390006
203282567
725706511
501474305
461134728
522859421
79093500
299656395
243434777
123278347
324874701
259743967
55804555
623990476
883810744
797497720
815984738
283919528
88795385
496329786
934337922
97177094
251540967
147673635
634795334
166403897
965849273
198899681
427009792
131185088
582807014
164064882
158356946
938015173
714644319
739374666
69596325
661334797
346628713
961512090
955575971
418130593
564084478
531532313
659443319
26233410
299901571
786476329
457549687
43583558
364016706
422287790
219637718
333995635
713696065
175131148
929109977
779815935
962053791
312183972
7659311
595150661
142097329
545896843
741310964
38963333
237376713
747905979
770324490
695892992
780633963
239963416
242166895
543356529
273527932
156601366
840558550
711258651
958734090
781746841
558370497
72786923
156922971
759996098
511810135
292144388
321132187
154685927
576245985
146433483
739988654
625205191
437303116
439092743
7579159
506695283
46489291
328594467
927636411
971850696
824375636
787062562
253540933
12663238
30208339
958716183
798302650
48325777
651553912
156712448
930657445
726271567
27250015
371403614
673984621
558282670
335289656
297224704
18257760
632581406
576357454
92123339
818192489
567002575
693029355
785281294
803954258
110734780
95351214
5847035
986330544
175979058
806889289
410317096
515400477
840264592
777734386
906851671
973704846
375662442
705113686
190691819
87366376
862916096
497499143
1969256
800398794
673508468
705918491
91183373
724344844
550760027
312783730
536859429
884224796
269942723
743928525
430528231
655578516
142045684
587666523
787977968
553306065
441580774
693980805
599074330
934061054
463140207
318039816
342941161
741151852
335064200
828789080
742365348
90034775
490643917
625081512
348381560
510814848
994864191
62752960
7555294
832900215
880139940
138564419
717817259
464690840
718906254
327514877
848878985
243637218
805491151
6928472
753175521
479994840
636753851
369037067
522631201
962230728
767588975
958905161
959791514
779161248
459755211
470117973
553001302
324590777
478884907
207693344
866152909
180159143
209056559
442686615
344377647
335958159
167050112
640658698
905155501
933929806
977041599
254311490
512126283
6026669
619513463
934677544
741741575
908380139
739643371
738082180
714446618
120187858
758957480
738297915
625514614
52952041
660375068
488776546
615885101
124464119
349017254
593949215
279423028
931668391
106457289
869452175
987349285
97878391
967252535
482290209
652638020
77344788
495477518
425632909
647848222
797408394
552531115
725129920
839534228
668073259
574914203
157413009
901993013
315447904
324585082
823794225
571858556
667122582
243319891
110134332
718634892
493857157
903252586
550076933
857068800
105721145
920131315
449383237
579458900
655310322
87234543
350883713
453219151
304504099
805018313
27107234
517966090
37809273
100344740
186447798
5651801
645320477
214909183
353556046
615966863
937453959
721702613
452461663
425058063
989114180
129281843
816520439
966612417
880367564
780974741
211632247
412987574
231165280
8608363
499442808
603254136
217216985
949827717
84350256
276704660
827268284
225251258
605801590
103289196
684368338
256236647
749668884
630975159
289696163
383222769
756085752
466812030
622141831
696654822
630832263
375572681
740489801
689668789
689913428
876436171
291678583
706700470
723269979
645733440
263094751
518072549
555269021
983657431
381979678
127680601
156541767
613931804
188412879
700231018
297259193
735468259
7264750
919066075
970631897
82230379
110770309
222954230
547930571
447804035
506345479
521751956
15990005
730739601
255716033
375791071
648448629
71490380
350923918
103030228
339521689
915955127
579710944
849711739
812071213
296082796
425986819
374230930
420050726
953266487
75831170
894463569
538198911
85681109
876443819
842572488
96707015
808585561
465548157
571378612
952821694
600919694
725872027
824602304
222273549
573233156
262425731
376465561
217867682
368135526
376011086
430068675
107608019
229943400
901648855
772178830
24704462
204053500
139577498
552302221
185514547
352244752
642378227
682758232
106169021
310397799
557011763
858993008
149360234
179654802
825794959
396284647
932766398
957581666
180790298
654590871
923915590
435936003
105976065
574401881
843173187
605251219
31263911
313325789
203010777
745746752
913421480
608491908
534663681
554326372
456429465
415138396
290235060
973738220
167722807
691591020
841596066
650714823
236019990
90890591
499765297
265210480
434897518
484158775
356979344
647679625
992134755
284805496
551655808
647307849
929654695
624579172
82209291
697266869
982106342
634922479
523993230
39999782
664419822
477301122
2796949
628206419
129592588
415725664
345357451
738092458
166018200
374089179
905013301
718674145
474811462
740071888
384185640
875319280
628567680
271654884
632729656
219231489
748249340
713213533
217635978
446536444
663299694
648655502
680984415
990411011
352354574
987374845
470527801
588355694
202921018
714250303
100740743
202195957
134601608
102936266
149638651
826586695
719590108
244395756
948213071
483493588
221956077
988791962
1078015
945406181
129002954
516190995
79343051
787705556
763260170
1508815
171584626
741969891
719129399
662677091
545346898
721284187
170981991
331701919
993756662
661361945
912237782
269836839
584171585
302417318
796230838
827325461
536721140
322070373
788606335
704423060
775441536
384155679
482829441
867311083
517620017
865302565
974964810
115389085
375705877
470446020
947209594
840248081
163974923
730604854
837795779
874317349
459133447
35543941
217552161
48490242
215219405
136726173
505720981
747290777
661240951
636078539
906359350
625365600
261791793
203601697
297729656
241476836
980190278
862127427
712112288
958422971
799459087
393878460
85764159
546744246
775880945
886791417
540286808
436044994
503221073
446040287
159089332
353852519
329240796
25693642
957685128
699870886
791165103
211191346
883359674
57687804
659753625
200999353
695416353
800957327
911925156
395878142
421361111
906104333
350308404
19309280
201060616
314859563
470893258
979742766
22403004
629920277
907698638
518830334
779654519
337752159
274098833
681134337
277377095
333698990
619671330
335235285
639057880
603644232
919723724
398856226
897964071
674587862
954877226
505499075
591831828
949233854
611866731
357928733
514598591
865242902
592108232
171438709
132475743
671207032
648511382
91647662
607291727
41296137
128189811
51679285
668374171
952395213
624754720
898637482
196757369
235006618
3029160
93122924
243887032
667116020
439953845
918842333
159295767
243429538
166272725
741642173
362795178
524141569
430368954
492636363
149212353
268921381
367883906
94061246
278710979
489256883
714841394
273958093
908305173
90150726
945575230
358766256
550786932
227870707
616710208
556712501
455859326
314423505
222608680
110408624
355447996
881609160
100894064
150998201
480838404
793717566
308990311
675256794
412762927
678983032
344781939
156789726
584129081
228634919
162662780
691700600
221760474
188026222
68965212
704686590
409478104
946315004
191514638
988074687
557271451
702466184
538700152
642501593
443624856
695509077
469256002
612560816
120949877
848781137
219989695
67468286
859075259
975535944
110295065
700942447
648089765
608155595
904223849
477386343
494295193
201855454
246896317
345651092
198218143
56221068
969888697
917675149
761326327
383559014
686113715
183526184
278626497
729886472
316711297
400780897
365186624
724501194
591063568
668884651
474382732
766745983
47556066
859837221
620127530
745839922
823647814
908859727
547099879
463669971
652956288
865313425
321893668
453840006
161621959
738940311
412207297
392076230
722461617
151550520
142122031
525680420
768572438
202137757
612861867
875210554
454724929
12690111
114377347
973823968
636104665
132977614
886647229
305268940
653978599
338806061
582221737
110072715
825625377
945110372
15911862
720218234
370563004
981652521
328129639
674384191
891955337
897006583
98203003
282479741
617748654
216244204
16435191
85332939
240593797
119820091
161809659
157643858
208543605
768122547
222027825
279666897
82362945
386949345
75251515
582927145
664502060
613748587
679834917
797204250
641198878
769249
743181168
313885240
962634523
310429707
410918881
941772209
888417057
382386787
486013364
41341073
126779358
861093587
515300547
409850665
298293354
644937735
295766415
874137197
679808211
218229024
206061446
594370939
302389411
819945684
167233597
899447228
343909241
878816538
879289850
272488980
845184719
916770492
902613356
632072881
956320873
604001098
608785243
831027576
311632829
237880275
549185956
798420569
223561171
400628853
23032316
814251754
129829462
655610562
62256376
635578682
125392707
424237593
324742713
629219416
125169617
68277117
393095082
911961803
84323296
99079418
151772821
574246025
243395638
169504594
647088654
529165357
694717352
33646556
750512643
817756321
307877403
235236992
320879970
748263331
818353066
436130968
73929599
597670266
976884949
275176025
753840464
374809040
761945563
713526334
326019514
205948233
893874047
738041250
225220139
588543727
894153871
814668060
128707289
588441017
156486869
553667699
436272674
52486121
33372020
209507451
147611954
511509629
783504928
688650784
398078668
437458972
697055098
431534423
874772438
765321987
863659853
881953763
747585722
353232276
755197958
550186814
488461387
405696077
64852260
432882318
170078671
332244446
603752023
726846169
544918067
145335332
215910926
827950149
562533390
858628427
610629702
309195080
588234210
415272330
297715153
543219779
133021632
28668972
281548188
678924767
5432484
101294326
165652377
609119193
342003923
217675015
758542764
482289581
842874921
991236071
998606624
976920576
774263361
541869276
92397871
140941084
518833958
16250212
318719920
42032580
314078869
376322514
91136799
96564339
56857754
809889551
677041221
352498196
207705084
455639886
934394863
821102149
946949063
598493093
329262639
238201678
385274569
540996384
372618931
505990609
71439770
646188384
972440131
739603693
606874967
891275105
765394093
214776300
71665210
101154900
867864832
55856607
387914574
491016613
593125468
644587132
271884276
208346053
851152294
484853835
602327507
19817490
286962808
653706180
534788384
862463712
54167490
229814476
943195732
978745182
574174167
602535194
64953843
553327769
122132566
199263117
356028953
779594358
435215656
902863939
588536674
566233167
49192179
890803908
924874358
994833720
316289588
235234343
800200871
617049184
358062309
587711981
219732931
71768100
599683274
89921196
488842223
14101244
324054217
146026605
284553470
549868534